P_launch_dBm,Modulation,Data_Aided,CPR,BER,SER,SNR,EVM,Qfactor,Trial:
-14,16,True,bps,0.0007111111111111111,0.0028333333333333335,17.663559208101166,0.017063502257581128,5.038046704146566,0
-12,16,True,bps,0.0004111111111111111,0.0016333333333333334,18.28011419422078,0.014835773976914513,5.2442254088139215,0
-10,16,True,bps,0.0003138888888888889,0.0012444444444444445,18.722097743337123,0.013426113210240594,5.339397871640611,0
-8,16,True,bps,0.00028333333333333335,0.0011222222222222222,19.0207713129996,0.012552926921127033,5.3745220872578265,0
-6,16,True,bps,0.00023055555555555554,0.0009111111111111111,19.22424140048361,0.011992256230620339,5.44364004607057,0
-4,16,True,bps,0.0002138888888888889,0.0008555555555555556,19.355158726519765,0.011645239139575792,5.468295465414413,0
-2,16,True,bps,0.00019722222222222222,0.0007888888888888889,19.428297475657757,0.011455461827419062,5.494659160915747,0
0,16,True,bps,0.00019722222222222222,0.0007888888888888889,19.456560873284875,0.01138320699890025,5.494659160915747,0
2,16,True,bps,0.00019722222222222222,0.0007888888888888889,19.413864699560257,0.011493399247819128,5.494659160915747,0
4,16,True,bps,0.00023888888888888888,0.0009555555555555555,19.22976512594466,0.011981225956402957,5.431880718287628,0
6,16,True,bps,0.00041944444444444445,0.0016777777777777778,18.75064744989826,0.01335397825329297,5.236988651434036,0
8,16,True,bps,0.001488888888888889,0.005955555555555556,17.651333204496243,0.017140335761240594,4.727597636034543,0
-14,16,True,bps,0.0007305555555555556,0.0028888888888888888,17.647953251953822,0.01712279516586768,5.027409233955896,1
-12,16,True,bps,0.0004472222222222222,0.001788888888888889,18.26048529174822,0.014899682560997834,5.213711692242725,1
-10,16,True,bps,0.0003277777777777778,0.0013111111111111112,18.702762146409107,0.0134827510076752,5.324387045673835,1
-8,16,True,bps,0.00029444444444444445,0.0011777777777777778,19.011052789985573,0.012578517386339754,5.361392128919638,1
-6,16,True,bps,0.00024166666666666667,0.0009666666666666667,19.214382819045436,0.012017043867029968,5.428038980926971,1
-4,16,True,bps,0.00022222222222222223,0.0008888888888888889,19.3457740776179,0.011668124999928791,5.455769449692659,1
-2,16,True,bps,0.00020277777777777777,0.0008111111111111111,19.425470635050473,0.011461537922100556,5.485665386643923,1
0,16,True,bps,0.00019166666666666667,0.0007666666666666667,19.448345666367647,0.011403399712905516,5.503873507584909,1
2,16,True,bps,0.00020277777777777777,0.0008111111111111111,19.408411254338247,0.01150667342633664,5.485665386643923,1
4,16,True,bps,0.0002138888888888889,0.0008555555555555556,19.23431979021785,0.011968665296593113,5.468295465414413,1
6,16,True,bps,0.0004111111111111111,0.0016444444444444445,18.749680221785525,0.01335625027930071,5.2442254088139215,1
8,16,True,bps,0.0015083333333333333,0.006033333333333333,17.660809539670115,0.017103078685641804,4.721761954115145,1
-14,16,True,bps,0.0007138888888888889,0.0028333333333333335,17.664027976934214,0.017061752393063997,5.036512378863001,2
-12,16,True,bps,0.0004333333333333333,0.0017222222222222222,18.284611771707105,0.014819850505889562,5.2251927907789035,2
-10,16,True,bps,0.00031944444444444446,0.0012666666666666666,18.72155087528383,0.01342644191328794,5.333327050852751,2
-8,16,True,bps,0.00025833333333333334,0.0010333333333333334,19.022851643198333,0.012545879628737516,5.405751451789927,2
-6,16,True,bps,0.00022222222222222223,0.0008888888888888889,19.22544538313177,0.011988317143344274,5.455769449692659,2
-4,16,True,bps,0.0002111111111111111,0.0008444444444444444,19.355585764055594,0.011643178057593342,5.472563955336107,2
-2,16,True,bps,0.0002,0.0008,19.425599642363373,0.011462016928311133,5.490135425630951,2
0,16,True,bps,0.00018888888888888888,0.0007555555555555555,19.460148357552228,0.011373567121100285,5.508567164610058,2
2,16,True,bps,0.0002,0.0008,19.414100771444737,0.011493127448655082,5.490135425630951,2
4,16,True,bps,0.000225,0.0009,19.231956765987167,0.011976014782389839,5.4516836158848845,2
6,16,True,bps,0.000425,0.0017,18.750840334551434,0.013353810600265612,5.232231310547471,2
8,16,True,bps,0.0015,0.006,17.65126322024305,0.01714095893082221,4.724255466732775,2
-14,16,True,bps,0.000775,0.0030444444444444442,17.642256056583726,0.017144649395019668,5.003950743835576,3
-12,16,True,bps,0.0004944444444444445,0.0019444444444444444,18.268045148268868,0.01487375330511261,5.176799467529484,3
-10,16,True,bps,0.0003444444444444444,0.0013444444444444445,18.700205635002416,0.013490243348822938,5.30707159641138,3
-8,16,True,bps,0.00029444444444444445,0.0011555555555555555,19.00931192571161,0.01258339261814201,5.361392128919638,3
-6,16,True,bps,0.0002666666666666667,0.0010555555555555555,19.21070130150097,0.01202716697806738,5.39506541622816,3
-4,16,True,bps,0.00024444444444444443,0.0009777777777777777,19.34047377660513,0.011682264970199613,5.424234862102172,3
-2,16,True,bps,0.00023055555555555554,0.0009222222222222222,19.420947261500878,0.011473437001158838,5.44364004607057,3
0,16,True,bps,0.000225,0.0009,19.445887757613775,0.01140976503906475,5.4516836158848845,3
2,16,True,bps,0.00023055555555555554,0.0009222222222222222,19.40455644506941,0.011517243649855322,5.44364004607057,3
4,16,True,bps,0.00025277777777777777,0.001011111111111111,19.225206494731225,0.011993338532697533,5.413040352121334,3
6,16,True,bps,0.00043055555555555555,0.0017222222222222222,18.744132866012993,0.01337346060017181,5.227526175042478,3
8,16,True,bps,0.0015027777777777778,0.006011111111111111,17.647563433082446,0.017155037797566403,4.723423054001291,3
-14,16,True,bps,0.0007194444444444444,0.0028555555555555556,17.643310865282565,0.01714064191457043,5.033458555920917,4
-12,16,True,bps,0.0004916666666666666,0.0019444444444444444,18.258688097487305,0.014905549440458825,5.178886783824686,4
-10,16,True,bps,0.00038333333333333334,0.001511111111111111,18.700133678739142,0.013490511492401295,5.269278808003972,4
-8,16,True,bps,0.00031944444444444446,0.0012555555555555555,19.003451639867492,0.012599779208857995,5.333327050852751,4
-6,16,True,bps,0.00025,0.0009777777777777777,19.2115332728945,0.012024433340010354,5.416736308826718,4
-4,16,True,bps,0.0002138888888888889,0.0008555555555555556,19.337806425745324,0.01168872000336057,5.468295465414413,4
-2,16,True,bps,0.0002,0.0008,19.423476249854073,0.01146615552881284,5.490135425630951,4
0,16,True,bps,0.0002,0.0008,19.447273309384595,0.011405664415928904,5.490135425630951,4
2,16,True,bps,0.00020833333333333335,0.0008333333333333334,19.405917083502683,0.011513270119269548,5.476880948442293,4
4,16,True,bps,0.00025833333333333334,0.0010333333333333334,19.228588935178404,0.011984131653314991,5.405751451789927,4
6,16,True,bps,0.00043055555555555555,0.0017222222222222222,18.743345487383344,0.013375662476467251,5.227526175042478,4
8,16,True,bps,0.0015194444444444444,0.006077777777777777,17.643272018163508,0.01717131708816203,4.7184545386335595,4
