P_launch_dBm,Modulation,Data_Aided,CPR,BER,SER,SNR,EVM,Qfactor
-14,16,True,bps,0.00034166666666666666,0.0013555555555555556,19.11432482031366,0.01231955537535985,5.309907375152429
-12,16,True,bps,0.00020277777777777777,0.0008111111111111111,20.01514198953615,0.01008746729408561,5.485665386643923
-10,16,True,bps,0.00013055555555555555,0.0005111111111111112,20.69304930826929,0.008692244321455336,5.624247137417977
-8,16,True,bps,9.722222222222222e-05,0.00037777777777777777,21.181083812066007,0.00781594945041528,5.712576556681612
-6,16,True,bps,9.166666666666667e-05,0.00036666666666666667,21.51678356798202,0.007268593673360624,5.729807354789678
-4,16,True,bps,8.888888888888889e-05,0.00035555555555555557,21.738507693546477,0.006929605603583113,5.73876726710181
-2,16,True,bps,6.666666666666667e-05,0.0002666666666666667,21.869206162235173,0.006738412983593585,5.8208823908506115
0,16,True,bps,6.38888888888889e-05,0.0002555555555555556,21.91167741945169,0.006677883994905123,5.8327845706990855
2,16,True,bps,7.222222222222222e-05,0.0002888888888888889,21.832420093810143,0.006794940437770032,5.79832889429428
4,16,True,bps,7.222222222222222e-05,0.0002888888888888889,21.51930349881383,0.0072764305793517545,5.79832889429428
6,16,True,bps,0.0001722222222222222,0.0006888888888888888,20.720535246098674,0.008674130060166381,5.538046685034553
8,16,True,bps,0.0008888888888888889,0.0035444444444444442,19.10187977848194,0.012432900297557538,4.948562947069975
-14,16,True,bps,0.0003111111111111111,0.0012111111111111112,19.117004062569663,0.012317802363988632,5.342467631431721
-12,16,True,bps,0.0001722222222222222,0.0006666666666666666,20.008535619896726,0.010107706882672249,5.538046685034553
-10,16,True,bps,0.00012222222222222221,0.00047777777777777776,20.6878001089883,0.008706851519686832,5.644306573369889
-8,16,True,bps,0.00010555555555555555,0.0004111111111111111,21.17772954030859,0.007825695857721752,5.688275367571826
-6,16,True,bps,8.61111111111111e-05,0.0003444444444444444,21.514165359464997,0.0072759762255712734,5.747975157991423
-4,16,True,bps,6.38888888888889e-05,0.0002555555555555556,21.73823123294408,0.00693296625885258,5.8327845706990855
-2,16,True,bps,6.666666666666667e-05,0.0002666666666666667,21.869974300697876,0.0067396212525112145,5.8208823908506115
0,16,True,bps,5.833333333333333e-05,0.00023333333333333333,21.916851284828333,0.006672742178472773,5.858020176240133
2,16,True,bps,6.111111111111111e-05,0.00024444444444444443,21.838708345025086,0.006787803873772172,5.845150243823638
4,16,True,bps,6.944444444444444e-05,0.0002777777777777778,21.528524869278044,0.0072632813995569265,5.809407776222129
6,16,True,bps,0.0001611111111111111,0.0006333333333333333,20.729249416568027,0.008658698823799684,5.559098302379153
8,16,True,bps,0.0008361111111111111,0.0033333333333333335,19.110821024283712,0.012409213420023043,4.973452560490776
-14,16,True,bps,0.00030555555555555555,0.0012111111111111112,19.102180249605418,0.012352414616793737,5.348677785730378
-12,16,True,bps,0.00019166666666666667,0.0007555555555555555,20.000381410438713,0.010120660440587799,5.503873507584909
-10,16,True,bps,0.00014444444444444444,0.0005777777777777778,20.67969068407614,0.008717841880661084,5.5931578676600875
-8,16,True,bps,0.00011666666666666667,0.00046666666666666666,21.164747819616622,0.007844485103996577,5.658349980685613
-6,16,True,bps,9.444444444444444e-05,0.00037777777777777777,21.49930321287087,0.007296820369888653,5.72108139892052
-4,16,True,bps,7.5e-05,0.0003,21.723472972905054,0.0069533646253122396,5.787617403440024
-2,16,True,bps,7.222222222222222e-05,0.0002888888888888889,21.857652442164955,0.00675600693366193,5.79832889429428
0,16,True,bps,6.944444444444444e-05,0.0002777777777777778,21.904921673883738,0.00668869721519817,5.809407776222129
2,16,True,bps,6.111111111111111e-05,0.00024444444444444443,21.827729269104488,0.006803034210217909,5.845150243823638
4,16,True,bps,7.777777777777778e-05,0.0003111111111111111,21.51206564211222,0.007288729752718875,5.777247956388645
6,16,True,bps,0.00017777777777777779,0.0006888888888888888,20.719320092364978,0.008677410101098062,5.527957026140129
8,16,True,bps,0.0008555555555555556,0.0034111111111111113,19.10255006961605,0.012432107864525603,4.96413558133116
-14,16,True,bps,0.00029444444444444445,0.0011666666666666668,19.122992603834412,0.012299043123199018,5.361392128919638
-12,16,True,bps,0.00018888888888888888,0.0007444444444444445,20.022441764613347,0.010073556695510829,5.508567164610058
-10,16,True,bps,0.0001361111111111111,0.0005333333333333334,20.69548185294994,0.008689816682025446,5.611482701793886
-8,16,True,bps,0.00011388888888888889,0.00044444444444444447,21.184595152295064,0.007811790812118857,5.665590939878591
-6,16,True,bps,8.61111111111111e-05,0.0003333333333333333,21.520883202608253,0.007263378534288824,5.747975157991423
-4,16,True,bps,8.055555555555556e-05,0.0003222222222222222,21.737701699879327,0.006932089410398213,5.767197789338273
-2,16,True,bps,7.5e-05,0.0003,21.867358754080435,0.006741689718783559,5.787617403440024
0,16,True,bps,5.833333333333333e-05,0.00023333333333333333,21.91474417899436,0.006674122876542648,5.858020176240133
2,16,True,bps,5.277777777777778e-05,0.0002111111111111111,21.83452500762952,0.006792334379688754,5.885465823124678
4,16,True,bps,7.5e-05,0.0003,21.515989992510093,0.0072820972783832665,5.787617403440024
6,16,True,bps,0.000175,0.0006888888888888888,20.72312621606846,0.008669440884648992,5.532967334673192
8,16,True,bps,0.0008861111111111111,0.003533333333333333,19.101629480437087,0.012434452358987326,4.949842080578769
-14,16,True,bps,0.0003333333333333333,0.0013,19.11769473679481,0.012309527870532449,5.318533773916072
-12,16,True,bps,0.00020555555555555556,0.0008,20.015559769804177,0.010085578052130909,5.481247668332239
-10,16,True,bps,0.00014722222222222223,0.0005666666666666667,20.695394929489975,0.008686144194484565,5.587252832059657
-8,16,True,bps,0.00011666666666666667,0.00044444444444444447,21.181983467805914,0.007813275104190168,5.658349980685613
-6,16,True,bps,9.166666666666667e-05,0.00035555555555555557,21.518630093483324,0.0072644872978115905,5.729807354789678
-4,16,True,bps,7.222222222222222e-05,0.0002777777777777778,21.73775541077074,0.006929969412308959,5.79832889429428
-2,16,True,bps,6.944444444444444e-05,0.0002666666666666667,21.872720011317647,0.006732325107850692,5.809407776222129
0,16,True,bps,7.222222222222222e-05,0.0002888888888888889,21.917173009900324,0.006668992227018301,5.79832889429428
2,16,True,bps,8.055555555555556e-05,0.0003222222222222222,21.837511188853913,0.006786839005356876,5.767197789338273
4,16,True,bps,9.166666666666667e-05,0.00036666666666666667,21.524542582124475,0.007267441315152732,5.729807354789678
6,16,True,bps,0.00018888888888888888,0.0007444444444444445,20.72622078910414,0.008662575154563111,5.508567164610058
8,16,True,bps,0.0008666666666666666,0.0034555555555555555,19.10582885042222,0.012421723182160224,4.958889885106875
